0.374540 0.950714 0.642032 0.084140 0.103124 0.902553 1.661581 0.084893 1.421891 0.675416 -0.672295
0.731994 0.598658 0.161629 0.898554 0.505252 0.826457 -1.807550 1.653411 0.429135 0.808739 0.682910
0.156019 0.155995 0.606429 0.009197 0.320050 0.895523 1.387565 0.378354 1.696860 0.462599 -0.618942
0.058084 0.866176 0.101472 0.663502 0.389202 0.010838 1.023740 0.078119 1.638963 0.237996 -0.307811
0.601115 0.708073 0.005062 0.160808 0.905382 0.091287 -0.853840 0.563331 0.279872 0.154532 0.016901
0.020584 0.969910 0.548734 0.691895 0.319314 0.950062 1.111157 -0.658468 1.857832 0.126678 0.107623
0.832443 0.212339 0.651961 0.224269 0.950607 0.573438 -0.634382 -0.655231 -1.200806 -0.203674 -0.131381
0.181825 0.183405 0.712179 0.237249 0.631837 0.448446 1.315978 -0.891867 -1.684815 0.369616 -0.077782
0.304242 0.524756 0.325400 0.746491 0.293211 0.328665 -0.045444 0.867820 0.488986 -0.931104 -0.019616
0.431945 0.291229 0.649633 0.849223 0.672518 0.752375 0.158527 -0.223828 -0.868901 -0.106228 -0.471536
0.611853 0.139494 0.657613 0.568309 0.791579 0.789618 -0.006480 -1.745497 -0.719703 -0.413581 0.760354
0.292145 0.366362 0.093675 0.367716 0.091206 0.494420 0.297438 -0.118838 -0.457176 -0.644433 -0.374198
0.456070 0.785176 0.265202 0.243990 0.057559 0.549529 0.491751 1.033197 -0.598147 0.059744 0.037583
0.199674 0.514234 0.973011 0.393098 0.441531 0.887704 -0.045582 -0.951541 1.120405 -0.946622 0.132107
0.592415 0.046450 0.892047 0.631139 0.350915 0.117067 0.409137 -1.306778 1.547084 -0.525376 0.426245
0.607545 0.170524 0.794811 0.502637 0.142992 0.761511 -0.146597 -1.960487 0.854619 -0.299512 0.960492
0.065052 0.948886 0.576904 0.492518 0.618218 0.101123 1.346315 -1.463511 0.128508 0.377124 0.464103
0.965632 0.808397 0.195243 0.722452 0.084107 0.700969 0.144477 0.769171 0.200983 -0.076867 -0.162133
0.304614 0.097672 0.280772 0.024316 0.072763 0.821860 1.759227 1.969718 0.877747 0.769866 0.969935
0.684233 0.440152 0.645472 0.177111 0.706242 0.081349 -1.845959 -0.349836 -0.090249 0.851840 -0.350157
0.122038 0.495177 0.940459 0.953929 0.084838 0.986640 -0.305715 0.592950 1.504642 -0.693508 -0.350239
0.034389 0.909320 0.914864 0.370159 0.374271 0.370642 1.056424 -1.195048 0.022856 0.180525 0.349335
0.258780 0.662522 0.015457 0.928319 0.812800 0.947249 0.476100 0.997243 0.022415 -0.521584 0.087295
0.311711 0.520068 0.428184 0.966655 0.986001 0.753378 -0.066296 1.414207 -0.066620 -0.918416 0.426539
0.546710 0.184854 0.963620 0.853009 0.376260 0.083501 0.108693 0.376380 1.566988 -0.115135 -0.136633
0.969585 0.775133 0.294449 0.385098 0.777147 0.558404 -0.032686 0.210737 -1.918909 -0.029870 -0.721437
0.939499 0.894827 0.851137 0.316922 0.424222 0.906354 0.418440 -1.213000 1.290174 -0.292940 0.328520
0.597900 0.921874 0.169493 0.556801 0.111197 0.492625 0.304859 -0.062220 -0.355723 -0.508920 -0.819645
0.088493 0.195983 0.936155 0.696030 0.011354 0.468661 0.860727 -0.723122 -0.909399 0.175718 0.129890
0.045227 0.325330 0.570061 0.097176 0.056303 0.118818 -0.175477 0.393190 1.080464 -0.127800 -0.349133
0.388677 0.271349 0.615007 0.990054 0.117526 0.649210 0.510068 0.336702 0.081342 -0.086101 -0.660055
0.828738 0.356753 0.140084 0.518330 0.746045 0.583369 -1.501675 -0.222526 -1.865605 0.547048 -0.765743
0.280935 0.542696 0.877373 0.740769 0.962173 0.374871 0.016938 -0.754455 -0.941977 -0.946075 0.040375
0.140924 0.802197 0.697016 0.702484 0.285712 0.868599 1.096317 -1.239231 1.653035 0.249382 0.277986
0.074551 0.986887 0.359491 0.293592 0.223596 0.963223 1.448081 0.502063 1.959689 0.449942 -0.208962
0.772245 0.198716 0.809361 0.810113 0.012154 0.969879 -0.673567 -0.562460 1.058439 -0.313593 -0.343432
0.005522 0.815461 0.867072 0.913241 0.043160 0.891143 0.434497 0.113625 1.042942 0.013869 -0.633975
0.706857 0.729007 0.511342 0.501516 0.527701 0.992965 -1.095004 -1.071161 0.825849 0.126717 0.071203
0.771270 0.074045 0.798295 0.649964 0.073797 0.553854 -0.097367 -1.542281 -0.496055 -0.885746 0.561105
0.358466 0.115869 0.701967 0.795793 0.969303 0.523098 1.523111 -0.671032 -1.181172 0.579740 -0.270945
0.863103 0.623298 0.890005 0.337995 0.629399 0.695749 -1.472566 -1.162547 -1.060685 0.541643 0.334729
0.330898 0.063558 0.375583 0.093982 0.454541 0.627558 1.794889 1.535171 -0.413892 0.804837 0.585209
0.310982 0.325183 0.578280 0.035942 0.584314 0.901158 0.472470 0.502352 0.307944 -0.422022 -0.460265
0.729606 0.637557 0.465598 0.542645 0.045446 0.280963 -1.640975 -0.749842 0.088361 0.643851 -0.206822
0.887213 0.472215 0.286541 0.590833 0.950411 0.890264 -1.635619 0.132248 0.465012 0.640927 -0.819429
0.119594 0.713245 0.030500 0.037348 0.455657 0.620133 0.453794 1.163060 -0.453372 -0.156262 0.185248
0.760785 0.561277 0.822601 0.360191 0.277381 0.188121 -1.924497 -1.536096 1.364312 0.924665 0.573075
0.770967 0.493796 0.127061 0.522243 0.463698 0.353352 -1.990575 -0.274048 -0.378577 0.990582 -0.709219
0.522733 0.427541 0.769994 0.215821 0.583656 0.077735 -1.040490 -0.779014 0.381319 0.127850 -0.211427
0.025419 0.107891 0.622890 0.085347 0.974395 0.986211 0.937925 0.161956 0.836060 0.123871 -0.599739
0.031429 0.636410 0.051682 0.531355 0.698162 0.536096 -0.458444 -0.661608 -1.921815 -0.128436 -0.312878
0.314356 0.508571 0.540635 0.637430 0.309528 0.813795 -0.079196 -0.902336 1.321053 -0.918021 0.164105
0.907566 0.249292 0.726091 0.975852 0.684731 0.162617 -0.544227 -0.000226 -0.395211 -0.002440 -0.977379
0.410383 0.755551 0.516300 0.322956 0.910927 0.822537 0.568666 -0.544752 -0.090750 0.018614 0.045242
0.228798 0.076980 0.795186 0.270832 0.949800 0.725720 1.876430 -1.090486 -0.462180 0.877446 0.125294
0.289751 0.161221 0.438971 0.078456 0.613415 0.418243 1.498302 1.255064 -1.524745 0.512907 0.329582
0.929698 0.808120 0.025351 0.962648 0.932728 0.866064 -0.070379 1.131198 0.256106 -0.152667 0.154263
0.633404 0.871461 0.835980 0.695974 0.045219 0.026367 -0.052233 -1.190563 1.266619 -0.513872 0.285554
0.803672 0.186570 0.408953 0.173294 0.376463 0.810553 -0.555599 1.004883 1.071930 -0.366216 0.250932
0.892559 0.539342 0.156437 0.250243 0.987276 0.150417 -1.594556 0.830596 0.505803 0.605956 -0.001270
0.807440 0.896091 0.549227 0.714596 0.594131 0.380891 -0.141238 -0.525012 -1.290346 -0.743165 0.067155
0.318003 0.110052 0.660197 0.279934 0.969914 0.842119 1.680402 -1.031965 0.359110 0.701052 0.157991
0.227935 0.427108 0.954865 0.737897 0.838329 0.468693 0.093465 -0.355777 -1.830624 -0.888335 0.021257
0.818015 0.860731 0.554354 0.611721 0.414820 0.273407 -0.269113 -1.098493 0.363476 -0.583312 0.255734
0.006952 0.510747 0.419600 0.247731 0.056375 0.864722 -0.954053 0.498210 1.006859 -0.043568 0.006899
0.417411 0.222108 0.355973 0.757846 0.812901 0.999718 0.670300 0.835673 0.077086 0.086471 0.038752
0.119865 0.337615 0.014393 0.116073 0.996637 0.555432 0.160815 0.835951 -0.961088 -0.357774 0.067341
0.942910 0.323203 0.046003 0.040729 0.768987 0.944766 -0.794967 1.252469 -0.052511 0.155838 0.275753
0.518791 0.703019 0.855461 0.703658 0.849647 0.247348 -0.408713 -1.075457 -0.793656 0.034268 0.226327
0.363630 0.971782 0.474174 0.097834 0.450544 0.129159 1.740101 0.978500 0.994151 0.743930 0.131984
0.962447 0.251782 0.491616 0.473472 0.954051 0.606175 -0.244966 -0.933486 -1.070322 0.002618 -0.051925
0.497249 0.300878 0.173202 0.433852 0.228643 0.671701 -0.296973 -0.029045 0.518647 -0.005433 -0.810406
0.284840 0.036887 0.398505 0.615850 0.618128 0.358163 1.949397 -0.151208 -1.304414 0.950035 -0.444477
0.609564 0.502679 0.635094 0.045304 0.113558 0.671573 -1.635171 0.209259 0.181418 0.635222 -0.720299
0.051479 0.278646 0.374613 0.625860 0.520308 0.772318 0.138819 0.005550 0.012520 -0.056900 -0.498500
0.908266 0.239562 0.503136 0.856490 0.520164 0.852182 -0.479457 0.600572 0.472466 -0.035718 -0.012222
0.144895 0.489453 0.658694 0.162934 0.551907 0.560938 -0.208055 -0.319732 -1.247980 -0.788016 -0.436891
0.985650 0.242055 0.070569 0.642419 0.876654 0.403483 -0.040141 -0.196628 -1.521407 -0.004493 -0.268405
0.672136 0.761620 0.026511 0.585776 0.134015 0.028783 -0.809748 -0.692445 1.729697 -0.064387 -0.142303
0.237638 0.728216 0.940230 0.575474 0.755137 0.620310 0.860541 -1.256429 -1.727115 -0.136032 0.326305
0.367783 0.632306 0.388170 0.643288 0.704080 0.212964 0.064518 0.024872 -0.728056 -0.497640 -0.401555
0.633530 0.535775 0.458253 0.545617 0.136371 0.014545 -1.718813 -0.699898 1.751609 0.725254 -0.248729
0.090290 0.835302 0.941465 0.386103 0.350588 0.589918 1.048040 -1.114226 -0.037763 0.274419 0.271345
0.320780 0.186519 0.961191 0.905351 0.392244 0.437475 1.291103 0.586879 -0.297322 0.350596 -0.199987
0.040775 0.590893 0.195791 0.069361 0.904159 0.348255 -0.587904 1.849081 -1.145330 -0.213191 0.854451
0.677564 0.016588 0.100778 0.018222 0.513989 0.783653 0.096368 1.585186 0.122091 -0.893331 0.587859
0.512093 0.226496 0.094443 0.683007 0.396543 0.622087 0.071235 0.150575 -0.114712 -0.011170 -0.228489
0.645173 0.174366 0.071189 0.318976 0.862364 0.949521 -0.333286 0.012578 0.189160 -0.361827 -0.181637
0.690938 0.386735 0.844875 0.023272 0.147073 0.926588 -1.689206 0.161808 1.693564 0.705729 -0.818690
0.936730 0.137521 0.814468 0.281855 0.492116 0.258244 0.262199 -1.117892 -0.002263 -0.251394 0.182727
0.341066 0.113474 0.118165 0.696737 0.459136 0.980033 1.597138 0.347648 1.246086 0.635936 -0.222063
0.924694 0.877339 0.628943 0.877472 0.492618 0.328752 0.261719 -0.006402 -0.428500 -0.326933 -0.520126
0.257942 0.659984 0.735071 0.803481 0.633401 0.240146 0.462844 -0.665862 -0.681551 -0.535244 -0.328293
0.817222 0.555201 0.282035 0.177440 0.075863 0.128880 -1.852573 1.420092 1.148478 0.857806 0.431392
0.529651 0.241852 0.750615 0.806835 0.128046 0.151903 -0.134053 -0.650431 1.298580 -0.009478 -0.349559
0.093103 0.897216 0.990505 0.412618 0.138827 0.640875 1.350795 -0.912649 0.132616 0.440981 0.050860
0.900418 0.633101 0.372018 0.776413 0.181880 0.345667 -1.255871 0.885427 0.344247 0.392515 0.118980
0.339030 0.349210 0.340804 0.930757 0.896788 0.473962 0.263818 1.748455 -1.590636 -0.494783 0.763210
0.725956 0.897110 0.858413 0.428994 0.667558 0.172320 -0.190398 -1.678950 -0.399881 -0.789120 0.700794
0.887086 0.779876 0.750871 0.754543 0.192289 0.040869 -0.464809 -0.971445 1.902186 -0.121564 -0.028539
